ACMS
{{0.00000000e+00 1.00000000e+00 2.20000000e+01 2.09751137e+03
  0.00000000e+00}
 {2.00000000e+00 1.00000000e+00 3.80000000e+01 1.11061538e+03
  1.00000000e+00}
 {0.00000000e+00 0.00000000e+00 2.10000000e+01 6.05092208e+02
  0.00000000e+00}
 {2.00000000e+00 1.00000000e+00 2.60000000e+01 2.78393247e+03
  1.00000000e+00}
 {2.00000000e+00 1.00000000e+00 5.40000000e+01 1.48571538e+03
  1.00000000e+00}
 {1.00000000e+00 0.00000000e+00 3.10000000e+01 0.00000000e+00
  0.00000000e+00}
 {0.00000000e+00 0.00000000e+00 2.80000000e+01 2.41539484e+03
  0.00000000e+00}
 {1.00000000e+00 1.00000000e+00 4.00000000e+01 1.71553043e+03
  0.00000000e+00}}
SSE: 4243550.116146863
Mat: {{0.0, 987.0282211410389, 1492.4198361437113, 686.4363918779407, 612.6363870582136, 2097.5311593883002, 317.94165701208254, 382.406122797989}, {987.0282211410389, 0.0, 505.8148616492049, 1673.3601202885482, 375.4410868205619, 1110.638787108128, 1304.820081389722, 604.9200110366314}, {1492.4198361437113, 505.8148616492049, 0.0, 2178.847375271164, 881.2446679466563, 605.175660638925, 1810.3161645996486, 1110.6016575111848}, {686.4363918779407, 1673.3601202885482, 2178.847375271164, 0.0, 1298.5190104436497, 2783.937498298799, 368.55119729093684, 1068.4946985822414}, {612.6363870582136, 375.4410868205619, 881.2446679466563, 1298.5190104436497, 0.0, 1485.8944040179101, 930.0461833252901, 230.24543031376066}, {2097.5311593883002, 1110.638787108128, 605.175660638925, 2783.937498298799, 1485.8944040179101, 0.0, 2415.396909094702, 1715.5543277402624}, {317.94165701208254, 1304.820081389722, 1810.3161645996486, 368.55119729093684, 930.0461833252901, 2415.396909094702, 0.0, 699.9687085943932}, {382.406122797989, 604.9200110366314, 1110.6016575111848, 1068.4946985822414, 230.24543031376066, 1715.5543277402624, 699.9687085943932, 0.0}}

CUBS
{{0.000e+00 4.600e+01 6.500e+01 1.490e+02}
 {1.000e+00 1.260e+02 6.800e+02 9.900e+01}
 {0.000e+00 2.860e+02 2.860e+02 9.000e+02}
 {0.000e+00 8.860e+02 3.002e+03 3.002e+03}}
SSE: 21095247.0(该结果收敛)
Mat: {{0.0, 622.1945033508413, 818.8052271450152, 4179.853825195326}, {622.1945033508413, 0.0, 906.8836750101966, 3794.2975634496565}, {818.8052271450152, 906.8836750101966, 0.0, 3486.410761800738}, {4179.853825195326, 3794.2975634496565, 3486.410761800738, 0.0}}

ERS
{{1.00000000e+00 3.26830559e+03 3.42909154e+04 4.82644897e+03
  6.53288032e+03}
 {1.00000000e+00 4.55640995e+03 2.01151063e+04 0.00000000e+00
  4.17932453e+03}
 {1.00000000e+00 3.17174164e+03 1.02470350e+05 0.00000000e+00
  0.00000000e+00}
 {0.00000000e+00 3.32501603e+03 6.95430961e+04 0.00000000e+00
  6.11342613e+03}
 {1.00000000e+00 3.51779276e+03 8.18888510e+04 0.00000000e+00
  6.62288981e+03}
 {1.00000000e+00 4.39404562e+03 9.00484531e+04 0.00000000e+00
  4.66899270e+03}
 {1.00000000e+00 2.85866630e+03 1.07386518e+05 0.00000000e+00
  5.25703943e+02}
 {0.00000000e+00 1.74354079e+03 4.61611577e+04 0.00000000e+00
  4.27431530e+03}
 {0.00000000e+00 3.96817775e+03 6.65617056e+03 2.56240798e+03
  7.19125689e+03}
 {1.00000000e+00 2.47405791e+03 1.01514718e+05 1.40531196e+03
  5.29529229e+03}
 {0.00000000e+00 2.58280330e+03 1.07948665e+05 5.79038486e+03
  1.09784849e+03}
 {1.00000000e+00 4.34168023e+03 5.93033077e+04 0.00000000e+00
  3.89374342e+03}} 
SSE: 13373675902.467161
Mat: {{0.0, 15213.369471198703, 68661.6180779289, 35583.5637723748, 47842.746889149465, 56008.383158174984, 73501.80760061876, 13100.507111945579, 27743.977473171402, 67326.8615840959, 73867.4668910164, 25632.626745377343}, {15213.369471198703, 0.0, 82472.84562136003, 49481.14037247872, 61830.77931909546, 69935.24951781987, 87364.35541621044, 26197.672605358537, 14040.179524662013, 81446.01454952455, 88100.2447489137, 39189.83020595835}, {68661.6180779289, 82472.84562136003, 0.0, 33490.32011202817, 21623.610521946448, 13326.554307115191, 4954.09803619012, 56489.24407823668, 96121.12907089165, 5604.910116454525, 8067.998810620821, 43358.0852804802}, {35583.5637723748, 49481.14037247872, 33490.32011202817, 0.0, 12357.766067548158, 20583.947110356494, 38256.564342529426, 23507.41233453687, 62951.62199523269, 32024.256351929464, 39169.16062712458, 10526.8164602437}, {47842.746889149465, 61830.77931909546, 21623.610521946448, 12357.766067548158, 0.0, 8435.913624483324, 26224.819382029553, 35848.7355825093, 75279.79830196848, 19748.454646396236, 27277.14657579741, 22764.74902982808}, {56008.383158174984, 69935.24951781987, 13326.554307115191, 20583.947110356494, 8435.913624483324, 0.0, 17892.253394568594, 43969.03048500093, 83470.8445998427, 11727.26485940722, 19234.858929496502, 30754.962502868275}, {73501.80760061876, 87364.35541621044, 4954.09803619012, 38256.564342529426, 26224.819382029553, 17892.253394568594, 0.0, 61350.14550047984, 100989.25423030778, 7703.884286443104, 5852.180465524319, 48223.83381281099}, {13100.507111945579, 26197.672605358537, 56489.24407823668, 23507.41233453687, 35848.7355825093, 43969.03048500093, 61350.14550047984, 0.0, 39757.609356272456, 55385.626373080304, 62145.14349778352, 13401.912944649095}, {27743.977473171402, 14040.179524662013, 96121.12907089165, 62951.62199523269, 75279.79830196848, 83470.8445998427, 100989.25423030778, 39757.609356272456, 0.0, 94896.31185438264, 101536.38785696992, 52813.82472504329}, {67326.8615840959, 81446.01454952455, 5604.910116454525, 32024.256351929464, 19748.454646396236, 11727.26485940722, 7703.884286443104, 55385.626373080304, 94896.31185438264, 0.0, 8846.179466907863, 42299.29585400691}, {73867.4668910164, 88100.2447489137, 8067.998810620821, 39169.16062712458, 27277.14657579741, 19234.858929496502, 5852.180465524319, 62145.14349778352, 101536.38785696992, 8846.179466907863, 0.0, 49099.99977347275}, {25632.626745377343, 39189.83020595835, 43358.0852804802, 10526.8164602437, 22764.74902982808, 30754.962502868275, 48223.83381281099, 13401.912944649095, 52813.82472504329, 42299.29585400691, 49099.99977347275, 0.0}}
